(
EF202155.1_E7:0.00314,
KC470225.1_E7:0.00314,
EF202152.1_E7:0.00629);
