(
EF202155.1_E6:0.00629,
KC470225.1_E6:0.00000,
EF202152.1_E6:0.00000);
