(
EF202155.1_E5:0.00000,
KC470225.1_E5:0.00000,
EF202152.1_E5:0.00901);
