(
HQ644257.1_E7:0.00337,
AY686579.1_E7:0.00000,
AF402678.1_E7:0.00000);
