(
HQ644257.1_E5:0.00397,
AY686579.1_E5:0.00397,
AF402678.1_E5:0.00000);
