(
HQ644257.1_E6:0.00224,
AY686579.1_E6:0.00000,
AF402678.1_E6:0.00214);
